3.0 1 112 0 2
3.5 1 912 0 4
4.0 1 212 0 2
4.5 1 812 0 2
5.5 2 512 0 3
5.5 1 212 0 2
5.5 0 512 0 1
5.5 1 812 0 4
6.0 2 312 0 5
6.5 2 712 0 3
7.0 1 512 0 2
7.0 1 212 0 2
7.0 1 812 0 2
7.5 1 412 0 2
7.5 1 612 0 4
8.5 2 212 0 3
8.5 2 812 0 3
9.0 0 512 0 1
9.0 0 212 0 1
9.0 0 812 0 1
10.0 3 112 0 0
10.5 3 112 0 0
11.0 3 112 0 0
11.5 3 112 0 0
12.0 3 112 0 6
12.5 1 212 0 2
12.5 1 612 0 2
13.5 1 512 0 2
14.0 2 612 0 5
15.0 3 912 0 0
15.5 3 912 0 0
16.0 3 912 0 0
16.5 3 912 0 0
17.0 3 912 0 6
17.5 1 712 0 2
17.5 1 312 0 2
18.0 1 612 0 2
18.0 1 412 0 4
19.0 2 112 0 0
19.0 2 912 0 0
19.0 1 512 0 2
20.0 3 112 0 0
20.5 3 112 0 0
21.0 3 112 0 0
21.5 3 112 0 0
22.0 3 112 0 6
21.5 1 312 0 2
22.0 1 712 0 2
22.5 1 512 0 4
23.0 2 612 0 3
23.5 2 412 0 3
24.0 1 112 0 2
24.0 1 912 0 2
24.5 1 212 0 4
24.5 1 812 0 2
25.0 1 312 0 2
25.0 1 712 0 2
26.0 1 512 0 2
26.5 0 212 0 1
26.5 0 512 0 1
26.5 0 812 0 1
27.0 3 912 0 0
27.5 3 912 0 0
28.0 3 912 0 0
28.5 3 912 0 0
29.0 3 912 0 6
30.0 1 512 0 2